99003581 99001969 99010877 1354830081
1354830081 99001317 99002685 99003581 99005393 99007203 99013537 154104258 386292982 498125261 1042504553 1727758877
386292982 99009331 131511956 1354830081
1354830081 99001317 99002685 99003581 99005393 99007203 99013537 154104258 386292982 498125261 1042504553 1354830081 1727758877
1354830081 99001317 99002685 99003581 99005393 99007203 99013537 154104258 386292982 498125261 1042504553 1727758877
1354830081 99001317 99002685 99003581 99005393 99007203 99013537 154104258 386292982 498125261 1042504553 1727758877
1354830081 99001317 99002685 99003581 99005393 99013537 154104258 386292982 498125261 1042504553 1354830081 1727758877
1354830081 99001317 99002685 99003581 99005393 99013537 154104258 386292982 498125261 1042504553 1727758877
99003581 99001969 99011223 131511956 498125261 1354830081
1354830081 99001317 99002685 99003581 99005393 99007203 99013537 154104258 386292982 498125261 1042504553 1727758877
99003581 131511956 1354830081
1354830081 99001317 99002685 99003581 99005393 99013537 154104258 386292982 498125261 1042504553 1727758877
99003581 99001969 99003995 99011223 131511956 1354830081
1354830081 99001317 99002685 99003581 99005393 99007203 99013537 154104258 386292982 498125261 1042504553 1727758877
1354830081 99001317 99002685 99003581 99005393 99013537 154104258 386292982 498125261 1042504553 1727758877
99003581 498125261 1354830081
1354830081 99001317 99002685 99003581 99005393 99007203 99013537 154104258 386292982 498125261 1042504553 1727758877
99003581 99001969 99003995 99009163 99009331 99010877 99011223 131511956 1354830081
1354830081 99001317 99002685 99003581 99005393 99007203 99013537 154104258 386292982 498125261 1042504553 1727758877
99003581 1354830081
1354830081 99003581 498125261
1354830081 99001317 99002685 99003581 99005393 99013537 154104258 386292982 498125261 1042504553 1727758877
1727758877 99001969 99003995 99009163 99009331 99010877 99011223 131511956 1354830081
498125261 99003995 99010877 1354830081
99003581 99010877 131511956 1354830081
1354830081 99001317 99002685 99003581 99005393 99007203 99013537 154104258 386292982 498125261 1042504553 1727758877
1354830081 99003581 99013537 386292982 498125261 1042504553 1727758877
99003581 1354830081
1354830081 99001317 99002685 99003581 99005393 99007203 99013537 154104258 386292982 498125261 1042504553 1727758877
1354830081 99001317 99002685 99003581 99005393 99007203 99013537 154104258 386292982 498125261 1042504553 1727758877
1354830081 99003581 99013537 386292982 498125261 1042504553 1727758877
1354830081 99001317 99002685 99003581 99005393 99007203 99013537 154104258 386292982 498125261 1042504553 1727758877
1354830081 99003581
386292982 99003995 99010877 99011223 1354830081
99003581 99003995 386292982 1354830081
99003581 99003995 1354830081
1354830081 99001317 99002685 99003581 99005393 99007203 99013537 154104258 386292982 498125261 1042504553 1727758877
498125261 131511956 1354830081
1354830081 99001317 99002685 99003581 99005393 99007203 99013537 154104258 386292982 498125261 1042504553 1727758877
1354830081 99001317 99002685 99003581 99005393 99007203 99013537 154104258 386292982 498125261 1042504553 1727758877
99003581 99001969 99003995 99009163 99010877 99011223 131511956 1354830081
99003581 99003214 99003995 99009331 99010877 99011223 131511956 1354830081
1354830081 99001317 99003581 99007203 99013537 386292982 498125261 1042504553 1727758877
498125261 99003995 1354830081
1727758877 99003995 1354830081
1354830081 1727758877
1727758877 99001969 99003581 99003995 99009163 99009331 99010877 99011223 131511956 1354830081
99003581 99001969 99010877 99011223 131511956 1354830081
99003581 99003214 99003995 99009331 99010877 99011223 131511956 1354830081
1727758877 99001969 99003995 99009163 99009331 99010877 99011223 131511956 1354830081
99003581 99003214 99003995 99009331 99010877 99011223 131511956 1354830081
1354830081 99001317 99002685 99003581 99005393 99007203 99013537 154104258 386292982 498125261 1042504553 1727758877
99003581 99001969 99003995 99009163 99010877 99011223 131511956 386292982 1354830081
1727758877 99001969 99009331 131511956 1354830081
1354830081 99003581 99013537 386292982 498125261 1042504553 1727758877
154104258 99001969 99003995 99009163 99009331 99010877 99011223 131511956 1354830081
1354830081 99003581 1727758877
99003581 99011223
99003581 99003995 1354830081
131511956 99001317 99002685 99003581 99005393 99013537 386292982 498125261 1042504553 1727758877
386292982 99001969 99003995 99009163 99009331 99010877 99011223 131511956 1354830081
1354830081 99001317 99002685 99003581 99005393 99013537 386292982 498125261 1042504553 1727758877
99003581 99001969 99003214 99003995 99009163 99009331 99010877 99011223 131511956 1354830081
1354830081 99001317 99002685 99003581 99013537 386292982 498125261 1042504553 1727758877
1354830081 99001317 99002685 99003581 99005393 99007203 99013537 386292982 498125261 1042504553 1727758877
1354830081 99003581 386292982 1727758877
99003581 99003214 99003995 1354830081
1354830081 99001317 99002685 99003581 99005393 99013537 386292982 498125261 1042504553 1727758877
386292982 99001969 99003995 99009163 99010877 99011223 131511956 1354830081
1727758877 99003995 1354830081
99003581 99001969 99003995 99009163 99009331 99010877 99011223 131511956 1354830081
1354830081 99003581 386292982 1727758877
1042504553 1354830081
99003581 99001969 99003214 99003995 99009331 99010877 99011223 131511956 386292982 1354830081 1727758877
99009331 99003581 386292982 1042504553 1727758877
386292982 99010877 1354830081
1354830081 99001317 99002685 99003581 99005393 99007203 99013537 154104258 386292982 498125261 1042504553 1727758877
1727758877 99010877 1354830081
1727758877 99003995 99010877 1354830081
1354830081 99001317 99002685 99003581 99005393 99013537 386292982 498125261 1042504553 1727758877
386292982 99001969 99003995 99009163 99009331 99010877 99011223 131511956 1354830081
99003581 498125261 1354830081
1354830081 99002685 99003581 99007203 99013537 386292982 498125261 1042504553 1727758877
1354830081 99001317 99002685 99003581 99005393 99013537 386292982 498125261 1042504553 1354830081 1727758877
1354830081 99001317 99002685 99003581 99005393 99007203 99013537 386292982 498125261 1042504553 1727758877
386292982 99001969 99003995 99009163 99009331 99010877 99011223 131511956 1354830081 1727758877
99002685 99003214 99003995 99009331 99010877 99011223 131511956 1354830081
99003581 99003214 99003995 99010877 99011223 131511956 1354830081
1354830081 99001317 99002685 99003581 99005393 99007203 99013537 386292982 498125261 1042504553 1727758877
386292982 99001969 99003995 99009163 99009331 99010877 99011223 131511956 1354830081
1354830081 99003581 498125261
386292982 99003214 1354830081
99003581 99010877 1354830081
1354830081 99001317 99002685 99003581 99005393 99007203 99013537 386292982 498125261 1042504553 1727758877
1354830081 99002685 99003581 99005393 99007203 99013537 386292982 498125261 1042504553 1727758877
99003581 99001969 99003995 99009163 99009331 99010877 99011223 131511956 1354830081
99003581 99010877 1354830081
1354830081 99001317 99002685 99003581 99005393 99013537 386292982 498125261 1042504553 1727758877
99003581 99003581 99003995 99010877 99011223 131511956 1354830081
99012654 99001969 99003995 99010877 99011223 131511956 1354830081
1354830081 99003581
154104258 1354830081
386292982 99001969 99003214 99003995 99009163 99009331 99010877 99011223 131511956 1354830081
99003581 99001969 99003995 99009163 99010877 99011223 131511956 1354830081
99003581 99003995 131511956 1354830081
1354830081 99001317 99002685 99003581 99005393 99013537 386292982 498125261 1042504553 1727758877
99003581 1354830081
1727758877 99001969 99003995 99010877 99011223 1354830081
386292982 99010877 1354830081
1354830081 99001317 99002685 99003581 99005393 99007203 99013537 386292982 498125261 1042504553 1727758877
99003581 99001969 99003995 99009163 99009331 99010877 99011223 131511956 1354830081
386292982 99001969 99003214 99003995 99009163 99010877 99011223 131511956 1354830081 1727758877
1727758877 99001969 99003995 99009163 99009331 99010877 99011223 131511956 1354830081
1354830081 99001317 99002685 99003581 99007203 99013537 386292982 498125261 1042504553 1354830081 1727758877
1727758877 99001969 99003995 99009163 99009331 99010877 99011223 131511956 1354830081
1354830081 99001317 99002685 99003581 99005393 99007203 99013537 386292982 498125261 1042504553 1727758877
99003581 1354830081
99003581 99003214 99003995 99009331 99010877 99011223 131511956 1354830081
99003581 99001969 99003995 99011223 131511956 1354830081
99003581 99001969 99003995 99009163 99009331 99010877 99011223 131511956 1354830081
1354830081 99001317 99002685 99003581 99005393 99007203 99013537 386292982 498125261 1042504553 1727758877
99003581 99001969 99003995 99009163 99009331 99010877 99011223 131511956 1354830081
99011223 99003581 386292982 1727758877
1354830081 99001317 99002685 99003581 99005393 99007203 99013537 386292982 498125261 1042504553 1727758877
99003581 1354830081
1042504553 1354830081
99003581 99010877 1354830081
99003581 99003995
1727758877 99001969 99003995 99009163 99009331 99010877 99011223 131511956 1354830081
99003581 99001969 99003995 99009163 99010877 99011223 131511956 1354830081
99003581 99003214 99003995 99010877 99011223 131511956 1354830081
99003581 99001969 99003995 99009163 99009331 99010877 99011223 131511956 1354830081
1354830081 99001317 99002685 99003581 99005393 99007203 99013537 386292982 498125261 1042504553 1727758877
99003581 99001969 99003214 99003995 99009163 99010877 99011223 131511956 1354830081
99003581 99003214 99003995 99009331 99010877 99011223 131511956 1354830081
386292982 99001969 99009331 99010877 99011223 131511956 1354830081
99003581 99003995 1354830081
99003581 1354830081
498125261 99001969 99003214 99003581 99003995 99009163 99010877 99011223 131511956 1354830081
1354830081 99001317 99002685 99003581 99005393 99007203 99013537 386292982 498125261 1042504553 1727758877
1354830081 99001317 99002685 99003581 99005393 99013537 386292982 498125261 1042504553 1727758877
99003581 99003214 99003995 99010877 99011223 131511956 1354830081
99002685 99001969 99003995 99009163 99010877 99011223 131511956 1354830081
1727758877 99001969 99003995 99009163 99009331 99010877 99011223 131511956 1354830081
1354830081 99003581
498125261 99001969 99003581 99003995 131511956 1354830081
99003581 99003995
99003581 99003995 99010877
386292982 99003581 99003995
1354830081 99003581
498125261 99001969 99003214 99003995 99009163 99009331 99010877 99011223 131511956 1354830081
1042504553 99003214 99003995 99009331 99010877 99011223 131511956 1354830081
1354830081 99001317 99002685 99003581 99005393 99007203 99013537 386292982 498125261 1042504553 1727758877
498125261 99001969 99003581 99003995 99009163 99010877 99011223 131511956 1354830081
99003581 99003581 1354830081
386292982 99003995 99009331 99010877 99011223 131511956 1354830081
99003581 99010877 1354830081
99002685 99001969 99003581 99003995 99009163 99009331 99010877 99011223 131511956 1354830081
498125261 99001969 99003214 99003995 99009163 99009331 99010877 99011223 131511956 1354830081
1042504553 99001969 99003214 99003581 99003995 99009163 99009331 99010877 99011223 131511956 1354830081
1354830081 99001317 99002685 99003581 99005393 99007203 99013537 386292982 498125261 1042504553 1727758877
1042504553 99003995 99009163 131511956 1354830081
99003581 99003995 1354830081
1727758877 99010877
99002685 99001969 99003581 99003995 99009163 99010877 99011223 131511956 1354830081
99003581 99010877 1354830081
1727758877 99003995 99010877 1354830081
1354830081 99003581
99007203 99001969 99003214 99003581 99003995 99009163 99009331 99010877 99011223 131511956 1354830081
498125261 99001969 99003581 99003995 99009163 99009331 99010877 99011223 131511956 1354830081
99003581 99003214 99003995 99009331 99010877 99011223 131511956 386292982 1354830081
1354830081 99003581 99013537 1042504553 1354830081
99003995 99003581
1354830081 99003581 386292982 1354830081
1354830081 99003581
1354830081 99003581 1354830081 1727758877
131511956 99003581 99005393 386292982 1354830081
1354830081 99003581 386292982 1354830081 1727758877
1354830081 99001317 99003581 99005393 99013537 386292982 498125261 1042504553 1727758877
498125261 99001969 99003214 99003995 99009163 99010877 99011223 131511956 1354830081
498125261 99001969 99003581 99003995 99009163 99009331 99010877 99011223 131511956 1354830081
1354830081 99003581
99003581 1354830081
99003581 99003995 99010877 1354830081
386292982 131511956 1354830081
99003581 99003995 1354830081
99003581 99001969 99003995 99009163 99009331 99010877 99011223 131511956 1354830081
1042504553 99003995 99009163 99009331 99011223 131511956 1354830081
99003581 99001969 99003581 99003995 99009163 99009331 99010877 99011223 131511956 1354830081
99003581 99001969 99003214 99003995 99009163 99010877 99011223 131511956 1354830081
1727758877 99003214 99003995 99009331 99010877 99011223 131511956 1354830081
99003581 99001969 99003581 99003995 99009163 99009331 99010877 99011223 131511956 1354830081
386292982 99010877
1354830081 99003581
1354830081 99003581
1354830081 99003581
99003581 99010877 1354830081
1354830081 99003581
1354830081 99003581
1354830081 99001317 99003581 99005393 99013537 386292982 498125261 1042504553 1727758877
99003581 99001969 99003214 99003995 99009163 99010877 99011223 1354830081
1727758877 1354830081
99003581 99001969 99003214 99003995 99009163 99009331 99010877 99011223 131511956 1354830081
99003581 99003214 99003995 99009331 99010877 99011223 131511956 1354830081
1354830081 99001317 99003581 99005393 99013537 386292982 498125261 1042504553 1727758877
99003581 99001969 99003995 99009163 99010877 99011223 131511956 1354830081
99003581 99001969 99003581 99003995 99009163 99010877 99011223 1354830081
1354830081 99001317 99003581 99005393 99013537 386292982 1042504553 1354830081 1727758877
1354830081 99010877 1727758877
1042504553 1354830081
1354830081 1354830081
99003581 1354830081
498125261 1354830081
498125261 99010877 1354830081
498125261 99010877 1354830081
99003581 1354830081
1354830081 99003581
99003581 99001969 99003581 99003995 99009163 99009331 99010877 99011223 1354830081
99003581 99001969 99003214 99003995 99009163 99009331 99010877 99011223 1354830081
386292982 99003214 99003995 99009331 99010877 99011223 131511956 1354830081
1354830081 99001317 99003581 99005393 99013537 154104258 386292982 498125261 1042504553 1354830081 1727758877
99003581 99001969 99003214 99003581 99003995 99009163 99009331 99010877 99011223 131511956 1354830081
99003581 99001969 99003214 99003581 99003995 99009163 99009331 99010877 99011223 131511956 1354830081
1354830081 99001317 99003581 99005393 99013537 154104258 386292982 498125261 1042504553 1354830081 1727758877
1354830081 99003581
1354830081 99003581 1354830081 1727758877
99003581 99001969 99003581 99003995 99009163 99010877 99011223 131511956 1354830081
99003581 99001969 99003581 99003995 99009163 99010877 99011223 131511956 1354830081
1354830081 99001317 99002685 99003581 99005393 99013537 154104258 386292982 498125261 1042504553 1354830081 1727758877
99003581 99001969 99003214 99003581 99003995 99009163 99010877 99011223 131511956 1354830081
1354830081 99001317 99002685 99003581 99005393 99013537 154104258 386292982 1042504553 1727758877
1354830081 99001317 99002685 99003581 99005393 99013537 154104258 386292982 498125261 1042504553 1354830081 1727758877
99003581 99001969 99003581 99003995 99009163 99010877 99011223 131511956 1354830081
99003581 1354830081
99003581 1354830081
99003581 99001969 99003214 99003995 99009163 99010877 99011223 131511956 1354830081
1042504553 99001969 99003214 99003995 99010877 99011223 131511956 1354830081
498125261 1354830081
99003581 99001969 99003214 99003581 99003995 99009163 99010877 99011223 131511956 1354830081
1354830081 99001317 99002685 99003581 99005393 99013537 154104258 386292982 498125261 1042504553 1727758877
99003581 99001969 99003214 99003581 99003995 99009163 99010877 99011223 131511956 1354830081
1727758877 99003214 99003995 99010877 99011223 131511956 1354830081
99003581 99011223 1354830081
99011223 99003581 386292982 498125261
1042504553 99011223 1354830081
1354830081 99001317 99002685 99003581 99005393 99013537 154104258 386292982 498125261 1042504553 1354830081 1727758877
99003581 99003581
99002685 1354830081
99002685 99003581 1354830081
99003581 99001969 99003214 99003581 99003995 99009163 99010877 99011223 131511956 1354830081
99003581 99001969 99003581 99003995 99009163 99010877 99011223 131511956 1354830081
1354830081 99001317 99002685 99003581 99005393 99013537 154104258 386292982 498125261 1042504553 1727758877
498125261 99010877 131511956 1354830081
99003581 99003214 99003581 99003995 99010877 99011223 131511956 1354830081
99003581 99001969 99003214 99003581 99003995 99009163 99010877 99011223 131511956 1354830081
99003581 99003995 99009163 99010877 1354830081
99003581 99001969 99003214 99003581 99003995 99009163 99010877 99011223 131511956 1354830081
1354830081 99001317 99002685 99003581 99005393 99013537 154104258 386292982 498125261 1042504553 1354830081 1727758877
498125261 99011223 1354830081
99003581 99011223 1354830081
99003581 99011223 1354830081
99003581 99011223 1354830081
99003581 99010877 99011223 1354830081
498125261 99009331 1354830081
99003581 99011223 1354830081
99003581 99001969 99003214 99003995 99010877 99011223 131511956 1354830081
99003581 99010877 99011223 1354830081
1354830081 99001317 99002685 99003581 99005393 99013537 154104258 386292982 498125261 1042504553 1354830081 1727758877
99003581 1354830081
99003581 99011223 1354830081
1042504553 99001969 99003995 1354830081
99003581 99011223 1354830081
99003581 99001969 99003214 99003581 99003995 99009163 99010877 99011223 131511956 1354830081
386292982 99003214 99003581 99003995 99010877 99011223 1354830081
99003581 99003214 99010877 1354830081
99003581 99001969 99003214 99003581 99003995 99009163 99010877 99011223 131511956 1354830081
1354830081 99002685 99003581 99005393 99013537 154104258 386292982 498125261 1042504553 1354830081 1727758877
99003581 99011223 1354830081
1354830081 99003581 99013537 1354830081 1727758877
1727758877 99001969 99003581 99003995 99009163 99010877 99011223 131511956 1354830081
99003581 99011223
1354830081 1727758877
1727758877 99011223 1354830081
498125261 99011223 1354830081
1042504553 99011223 1354830081
1354830081 99003581 99013537 386292982 498125261 1354830081
1727758877 99001969 99003214 99003581 99003995 99009163 99010877 99011223 131511956 1354830081
1727758877 99001969 99003581 99003995 99009163 99010877 99011223 131511956 1354830081
1727758877 99001969 99003214 99003581 99003995 99009163 99010877 99011223 131511956 1354830081
99003581 99003214 99003581 99003995 99010877 99011223 131511956 1354830081
99003581 99003214 99003581 99003995 99010877 99011223 131511956 1354830081
1042504553 99001969 99003581 99003995 99009163 99010877 99011223 131511956 1354830081
1354830081 99003581 99013537 386292982 1354830081 1727758877
386292982 99011223 1354830081
1354830081 99010877
99003581 1354830081
1354830081 99003581
99003581 99010877 99011223 1354830081
99003581 99011223 1354830081
99003581 99010877 99011223 1354830081
99003581 99011223 1354830081
99003581 99001969 99003581 99003995 99010877 131511956 1354830081 1727758877
1354830081 99003581 99013537 386292982 498125261 1042504553 1354830081 1727758877
99002685 99001969 99003995 99009163 99010877 99011223 1354830081
498125261 99001969 99003214 99003581 99003995 99009163 99011223 131511956 1354830081
99003581 99010877 1354830081
386292982 99010877 131511956 1354830081
1354830081 99003581 498125261 1354830081 1727758877
1727758877 99001969 99003581 99003995 99009163 99010877 99011223 1354830081
99003581 99003214 99003995 99010877 99011223 131511956 1354830081
1727758877 99001969 99003214 99003995 99009163 99010877 99011223 131511956 1354830081
99003581 1354830081
1042504553 99003214 99010877 1354830081
1354830081 99002685 99003581 99013537 154104258 386292982 498125261 1042504553 1354830081 1727758877
99003581 99003214 99010877 1354830081
1727758877 99001969 99003214 99003995 99009163 99010877 99011223 131511956 1354830081
99003581 99011223 1354830081
99003581 99010877 99011223 1354830081
99003581 99003995 99011223 1354830081
99003581 99003214 99003581 99003995 99010877 99011223 131511956 1354830081
99003581 99001969 99003214 99003995 99009163 99010877 99011223 131511956 1354830081
99013537 99001969 99003581 99003995 99009163 99010877 99011223 1354830081
99003581 99001969 99003581 99003995 99009163 99010877 99011223 1354830081
154104258 99001969 99003995 99009163 99010877 99011223 1354830081
386292982 99001969 99003214 99003581 99003995 99009163 99010877 99011223 131511956 1354830081
1727758877 99011223 1354830081
1727758877 99011223 1354830081
99003581 1354830081
1727758877 99011223 1354830081
99003581 99001969 99003214 99003581 99003995 99010877 1354830081
386292982 99001969 99003581 99003995 99009163 99010877 99011223 131511956 1354830081
1727758877 99003581 99003995 99010877 99011223 131511956 1354830081
1354830081 99003581 99005393 99013537 154104258 386292982 1042504553 1727758877
1727758877 99003581 99010877 99011223 131511956 1354830081
1354830081 99003581 386292982 498125261 1042504553 1354830081 1727758877
386292982 99001969 99003214 99003581 99003995 99009163 99010877 99011223 131511956 1354830081
99009331 99003581 99013537 1727758877
1727758877 99003214 99010877 99011223 1354830081
99003581 99003214 99010877 99011223 1354830081
99003581 99010877 1354830081
99003581 99003214 1354830081
99003581 99001969 99003581 99003995 99009163 99010877 99011223 131511956 1354830081
99003581 99003581 99003995 99010877 99011223 131511956 1354830081
99003581 99001969 99003581 99003995 99009163 99010877 99011223 131511956 1354830081
99003581 99003214 99003995 99010877 1354830081
1727758877 1354830081
99003581 99001969 99003214 99003581 99003995 99009163 99010877 99011223 131511956 1354830081
99003581 99003214 99011223 1354830081
1354830081 99003581 99013537 1354830081 1727758877
99003581 99001969 99003214 99003995 99009163 99010877 131511956 1354830081
99003581 99001969 99003214 99003581 99003995 99010877 99011223 131511956 1354830081
99003581 99001969 99003214 99003581 99003995 99009163 99010877 99011223 131511956 1354830081
154104258 99011223 1354830081
1727758877 99003214 99011223 1354830081
99002685 99003214 99010877 1354830081
498125261 99003214 99003995 99011223 1354830081
1727758877 99011223
386292982 99010877 99011223 1354830081
99003581 99003214 99011223 1354830081
99009331 99003581
386292982 1354830081
99005393 99001969 99003214 99003995 99010877 99011223 131511956 1354830081
99003581 99001969 99003581 99003995 99009163 99010877 99011223 131511956 1354830081
99003581 99001969 99003214 99003581 99003995 99009163 99010877 99011223 131511956 1354830081
386292982 99001969 99003214 99003581 99003995 99009163 99010877 99011223 131511956 1354830081
99003581 99001969 99003214 99003581 99003995 99010877 99011223 131511956 1354830081
99001317 99001969 99003581 99003995 99005393 99009163 99010877 99011223 1354830081
99003581 99001969 99003214 99003581 99003995 99009163 99010877 99011223 131511956 1354830081 1727758877
386292982 99001969 99003214 99003581 99003995 99009163 99010877 99011223 131511956 1354830081
1354830081 386292982
1354830081 99003581
1727758877 99001969 99003995 99010877 1354830081
99003581 99003214 99011223 1354830081
99003581 99001969 99003581 99003995 99010877 99011223 131511956 1354830081
99003581 99001969 99003581 99003995 99009163 99010877 99011223 131511956 1354830081
99003581 99001969 99003581 99003995 99009163 99010877 99011223 131511956 1354830081
99003581 99001969 99003214 99003581 99003995 99009163 99009331 99010877 99011223 131511956 1354830081
99003581 1354830081
386292982 99011223 1354830081
99003581 99001969 99003995 99011223 1354830081
99003581 99003995 1354830081
99003581 99003995 99010877 99011223 1354830081
99003581 99001969 99003214 99003995 99011223 1354830081
99003581 99001969 99003995 1354830081
99003581 1354830081
1354830081 99003581 1727758877
99001317 99001969 99003995 99010877 1354830081
99003581 99003995 99011223 1354830081
99003581 99003995 99010877 99011223 1354830081
1354830081 99003581 99013537 154104258 386292982 498125261 1727758877
99003581 99001969 99003214 99003581 99003995 99009331 99010877 99011223 1354830081
1354830081 99003581 386292982
99003581 99001969 99003995 99010877 99011223 1354830081
99003581 99003995 99010877 99011223 1354830081
99003581 99010877 99011223 1354830081
99003581 99003995 99009331 99010877 99011223 1354830081
1354830081 1354830081
99003581 99003995 1354830081
99003581 99003995 99011223 1354830081
99003581 99003995 1354830081
99003581 99010877 99011223 1354830081
99003581 99001969 99003581 99003995 99010877 99011223 131511956 1354830081
1354830081 99003581
1354830081 99003581 386292982 1354830081 1727758877
1354830081 99003581
1354830081 99003581
1354830081 99003581 1727758877
99003581 99009331
99003581 99009331
1354830081 99013537
99003581 99009331
